    4444444444444444444444444444444
   444634444444444444444444663446634
  44446363444444444444444463463634634
 4444463444444444444444444446346346344
44466663636344634663446634463446346344
44634463636344636346363444634446346344
446344636346363463463634446666346634444
446344636346363463463634444444444444444
 44666346344634446634466344663446634444
  444444444444444444444444634636346344
    4444444444444444444444446346346344
       22  2   2    44444446344634634
         2 2 22       444463444634634
          222           446666346634
           2     7      74444444444
         11211    7    7
        1111111  7 7  7 7  111   111
        1111111  7 7  7 7 11111 11111
         11111    777777   111111111
         11111   7      7   1111111
          111   7  7  7  7    111
          111    7      7      1
           1        77